input_dim_1_comp_0_deflated
3 1

3
0.0000000000000000000000000000000000000000000000000000000000000000000000000000000000000000000000000000000000000000000000000000000000000000000000000000000000000000000000000000000000000000000000000000000000000000000000000000000000000000000000000000000000000000000000000000000000000000000000000000000000000000000000e0 0.0000000000000000000000000000000000000000000000000000000000000000000000000000000000000000000000000000000000000000000000000000000000000000000000000000000000000000000000000000000000000000000000000000000000000000000000000000000000000000000000000000000000000000000000000000000000000000000000000000000000000000000000e0
0.5628893480842234233771980008919544040563277853550423037570294930365714834372369260471160182442124259850440210341381999496225332608504895151886382792805140865048228511194466094012254816351716825116759674131072876089376993186617812694899922938923949475602031987472006603480122927432293558884296174574718446414569e0 0.0000000000000000000000000000000000000000000000000000000000000000000000000000000000000000000000000000000000000000000000000000000000000000000000000000000000000000000000000000000000000000000000000000000000000000000000000000000000000000000000000000000000000000000000000000000000000000000000000000000000000000000000e0
0.8265322630202150555678066041234886935164523130596615681234092565325642795195891747550239027749448611263278177531145593990654901750139484483247052345682560623775223755603679747080667416627700337413239834037687493474301414112529443835549413973161220671037568616775402090513964855640451102214545598269831970252927e0 -0.0000000000000000000000000000000000000000000000000000000000000000000000000000000000000000000000000000000000000000000000000000000000000000000000000000000000000000000000000000000000000000000000000000000000000000000000000000000000000000000000000000000000000000000000000000000000000000000000000000000000000000000000e0


1

3
0.4647340365312994362238745347302566594015037621626134551221517918406205772201212467694258054303897547762576989168890545765001632332377235455211099012313187935701395867205737930974016200581125814060474486847834829050237027158615816159185172290588967228289382183940323551898841794557418241569554586758068398200000e0 0.3724586241408773348765234047380513966110511701336777904653396988441968189748603260262109451264813442761516161863945622449514466355484743363662298504199414256997794201756235090059912946628156550162055447949781400084069540520769510185025455903301006248001553130232023947451326314898637779148374711373309592119675e0
0.2517664518356466751239491170982517799122268131445007397041696670470149484617473827144816920098248576050133610926759218777750088192923097885386844718438043998388246372791320892845314444603981331067570908746159416390813554328215364412002819736454697823312703993535436732826558754032803984826898092761924857267684e-1 -0.5781424571744043146106910148034176135475058253856006862779740175535992561074099563173716276476876790697290636248394076067137735036238173219660681514521142875687606842401711471124766083192633776925653250598307398967936079594608241048686764619955835622888174715581757169040559643299957615023071612517381055630414e0
0.5540592441295135160202764471376607731125974427114110630199699520524374443078987045424060474207787890693911497871528454414892211984410080565699557472848372521088414580463054336327245883181350052378378038558803885158318199241861480591347414691073683921964859803041487700589304800328422729821120555847940581643146e0 -0.5858872192397282502520174117008907304895360442246145057231848656356641363397906766924781391195670346016070920976823125478900574514114861486436591292375412663460618784852874506105234784716026122736635718594269976852945961910931191319976729890583183142016633224928531491894416345359288748798765839717709887630348e-1



0.2000000000000016843080749562311382305779261514544486999511718750000000000000000000000000000000000000000000000000000000000000000000000000000000000000000000000000000000000000000000000000000000000000000000000000000000000000000000000000000000000000000000000000000000000000000000000000000000000000000000000000000000e1 0.0000000000000000000000000000000000000000000000000000000000000000000000000000000000000000000000000000000000000000000000000000000000000000000000000000000000000000000000000000000000000000000000000000000000000000000000000000000000000000000000000000000000000000000000000000000000000000000000000000000000000000000000e0
2
0.0000000000000000000000000000000000000000000000000000000000000000000000000000000000000000000000000000000000000000000000000000000000000000000000000000000000000000000000000000000000000000000000000000000000000000000000000000000000000000000000000000000000000000000000000000000000000000000000000000000000000000000000e0 0.0000000000000000000000000000000000000000000000000000000000000000000000000000000000000000000000000000000000000000000000000000000000000000000000000000000000000000000000000000000000000000000000000000000000000000000000000000000000000000000000000000000000000000000000000000000000000000000000000000000000000000000000e0
0.0000000000000000000000000000000000000000000000000000000000000000000000000000000000000000000000000000000000000000000000000000000000000000000000000000000000000000000000000000000000000000000000000000000000000000000000000000000000000000000000000000000000000000000000000000000000000000000000000000000000000000000000e0 0.0000000000000000000000000000000000000000000000000000000000000000000000000000000000000000000000000000000000000000000000000000000000000000000000000000000000000000000000000000000000000000000000000000000000000000000000000000000000000000000000000000000000000000000000000000000000000000000000000000000000000000000000e0


6
-0.826532263020217810396e0 0.000000000000000000000e0
-0.562889348084222274743e0 0.000000000000000000000e0
-0.465246206702026712191e0 0.000000000000000000000e0
0.465246206702026730650e0 0.000000000000000000000e0
0.562889348084228089428e0 0.000000000000000000000e0
0.826532263020222826403e0 0.000000000000000000000e0
