6 1 0

-2.4431035358679032e-1 -8.6415940964708993e-1
-3.9613880611211076e0 -4.8273046671967745e-1
2.4262238432654364e0 -2.9660076396512132e0

7.8109108331644972e-1 1.9459073161162499e-1
-1.9204840609116740e0 2.1126095867672294e0
-5.3582815283516272e-1 -2.8449165782503050e0

1.5733650904843728e0 -4.1429837329640196e-1
-1.4861072700024281e-2 9.3839399629326681e-1
-6.8297858935255173e-1 -8.4053667343839855e-1

1.3043319071204031e0 -8.4112466500589833e-1
-5.1599499114863101e-1 -7.4641911707997360e-2
3.1784866823849112e-1 -6.7272127053598330e-1

1.4936422055102589e0 -1.3214458520908199e0
1.6480127222810489e-2 -1.1012866003774349e0
7.8518532692372101e-1 2.5459102718592364e-1

1.9677626229111218e0 -9.4764081731463778e-1
9.8680595840246954e-1 -1.5914701032706319e-1
-4.1070482614676385e-1 4.6556270702896907e-1


1 3
9.718802093065485988512142836688813880740419289216724651775448251199534680059502150320924083952495435633700489360896680862421079697208038256601216023422880239973222794799378894801118843839706572123552318914258613417483934662200022500305037625935944239253984084032217581877666995562590058682319904550039990089669e-1 -3.882590767762284105930229582472155897305193352107775499951656346252324472939168346318739483392989435656633050812846960474138876122287640344083132678236176037767030944487288320749914052793113795960976800890514402736995557070781694658595201237011124175025908018096858198683270126818889068545646411864793093724579e-1
-5.168324267003017951524239619550621308520518517679565294399531129309480261165861426376523148880550323956825720268640968123759556165490605720107341938280923523447859962720845544555585405327980290910828397443622801617680408159941629341656475203421795413093279800612523028811280341700761265833105913308809120610627e0 1.317842785146291218369742632859660179482295037815824869779306565012260298917889215241839872634770314883508660608667782344717998657250646664995517341626176364016730147079940724880401143352664796810249465183707564767142056575891997002593939754530760682142538431910363094728963634597384286932894993888275034804200e0
-4.094385988340036622356088441497797964528665656517640383609408520332177721625681665543792797490548393029949764303096573106051306453097520042013452877909578902214296936438636983369421890010055634883149724084426099833493534381691805306994836222820807233428042430570770591828860980527307327611370406793439510410854e0 -3.574854537695214823952603005895342883662056122222733956802136894562685104593438263012036701492276474104232886142441135033529909857797227200965341071156714092579322938946398183092801709307651840580093601660681350947585762993463668036475356761936839594563763622725545819521293947225624171877076612862428851189125e0


1 3
4.647340365312994362238745347302566594015037621626134551221517918406205772201212467694258054303897547762576989168890545765001632332377235455211099012313187935701395867205737930974016200581125814060474486847834829050237027158615816159185172290588967228289382183940323551898841794557418241569554586758068398200000e-1 3.724586241408773348765234047380513966110511701336777904653396988441968189748603260262109451264813442761516161863945622449514466355484743363662298504199414256997794201756235090059912946628156550162055447949781400084069540520769510185025455903301006248001553130232023947451326314898637779148374711373309592119675e-1
2.517664518356466751239491170982517799122268131445007397041696670470149484617473827144816920098248576050133610926759218777750088192923097885386844718438043998388246372791320892845314444603981331067570908746159416390813554328215364412002819736454697823312703993535436732826558754032803984826898092761924857267684e-2 -5.781424571744043146106910148034176135475058253856006862779740175535992561074099563173716276476876790697290636248394076067137735036238173219660681514521142875687606842401711471124766083192633776925653250598307398967936079594608241048686764619955835622888174715581757169040559643299957615023071612517381055630414e-1
5.540592441295135160202764471376607731125974427114110630199699520524374443078987045424060474207787890693911497871528454414892211984410080565699557472848372521088414580463054336327245883181350052378378038558803885158318199241861480591347414691073683921964859803041487700589304800328422729821120555847940581643146e-1 -5.858872192397282502520174117008907304895360442246145057231848656356641363397906766924781391195670346016070920976823125478900574514114861486436591292375412663460618784852874506105234784716026122736635718594269976852945961910931191319976729890583183142016633224928531491894416345359288748798765839717709887630348e-2


