3
1
1
6
52
-2.443103535867903e-01 -8.641594096470899e-01
-3.961388061121108e+00 -4.827304667196775e-01
2.426223843265436e+00 -2.966007639651213e+00
52
-2.443103535868107e-01 -8.641594096471062e-01
-3.961388061121149e+00 -4.827304667197178e-01
2.426223843265487e+00 -2.966007639651222e+00
1.000000000000000e+00
0
1.000000000000000e+00
0.000000000000000e+00
10
1
0
0
52
7.810910833164497e-01 1.945907316116250e-01
-1.920484060911674e+00 2.112609586767229e+00
-5.358281528351628e-01 -2.844916578250305e+00
52
7.810910833164335e-01 1.945907316116397e-01
-1.920484060911715e+00 2.112609586767258e+00
-5.358281528351616e-01 -2.844916578250350e+00
1.000000000000000e+00
0
9.999999999999999e-01
0.000000000000000e+00
10
1
0
0
52
1.573365090484373e+00 -4.142983732964020e-01
-1.486107270002428e-02 9.383939962932667e-01
-6.829785893525517e-01 -8.405366734383986e-01
52
1.573365090484373e+00 -4.142983732964016e-01
-1.486107270002465e-02 9.383939962932670e-01
-6.829785893525516e-01 -8.405366734383993e-01
1.000000000000000e+00
0
1.000000000000000e+00
0.000000000000000e+00
10
1
0
0
52
1.304331907120403e+00 -8.411246650058983e-01
-5.159949911486309e-01 -7.464191170799737e-02
3.178486682384911e-01 -6.727212705359832e-01
52
1.304331907120599e+00 -8.411246650066529e-01
-5.159949911480204e-01 -7.464191170963375e-02
3.178486682393612e-01 -6.727212705346786e-01
1.000000000000000e+00
0
1.000000000000000e+00
0.000000000000000e+00
10
1
0
0
52
1.493642205510259e+00 -1.321445852090820e+00
1.648012722281049e-02 -1.101286600377435e+00
7.851853269237210e-01 2.545910271859236e-01
52
1.493642205510349e+00 -1.321445852090913e+00
1.648012722303260e-02 -1.101286600377624e+00
7.851853269237414e-01 2.545910271861843e-01
1.000000000000000e+00
0
1.000000000000000e+00
0.000000000000000e+00
10
1
0
0
52
1.967762622911122e+00 -9.476408173146377e-01
9.868059584024695e-01 -1.591470103270632e-01
-4.107048261467638e-01 4.655627070289691e-01
52
1.967762622911071e+00 -9.476408173146973e-01
9.868059584023681e-01 -1.591470103272078e-01
-4.107048261466053e-01 4.655627070289713e-01
9.999999999999998e-01
0
1.000000000000000e+00
0.000000000000000e+00
10
1
0
0
-1

2
1 0

3
1962926084343964889978713554665725662157793839559321909373197463592517287284344794721949654560389503612699305738639623401654129773256410007356498554161839677466697328412058434505382912774132270047311508385273680071203728018426279291812066124208400386980410021507402425485847284730680554633122685961293029693469/2000000000000000000000000000000000000000000000000000000000000000000000000000000000000000000000000000000000000000000000000000000000000000000000000000000000000000000000000000000000000000000000000000000000000000000000000000000000000000000000000000000000000000000000000000000000000000000000000000000000000000000000 0
4683467775514173370881655616032221087533829327508122840653400141800239387058605574256945615887244409011225880571610593708967090160746323427811933848411751132891517281423399802968225683028272893870605977520760939659287882360266845285929562416035588541362070034073992885216755394876896608716710140787040495461647/50000000000000000000000000000000000000000000000000000000000000000000000000000000000000000000000000000000000000000000000000000000000000000000000000000000000000000000000000000000000000000000000000000000000000000000000000000000000000000000000000000000000000000000000000000000000000000000000000000000000000000000000 76778889813949982788012470464237317560184753329865432481104969268073054712099820723047385509911402956509847525079297379582698546680998482626790152758829931152967986659403167269666189310728768037733172883541780981003429599921757342145931946373885796069883154032086241520768402149304146424299839047799420825189/6250000000000000000000000000000000000000000000000000000000000000000000000000000000000000000000000000000000000000000000000000000000000000000000000000000000000000000000000000000000000000000000000000000000000000000000000000000000000000000000000000000000000000000000000000000000000000000000000000000000000000000000
4385526144260667124072614826862223648608789338500162389361552037201217887373819751878365175623410158882083939752477651603535297160261109199054658779195997816376203081008468625171534646152924909806932722035678012520316763035810232666045488604622868144580996431255640596175468950020551264138737990386530369080979/100000000000000000000000000000000000000000000000000000000000000000000000000000000000000000000000000000000000000000000000000000000000000000000000000000000000000000000000000000000000000000000000000000000000000000000000000000000000000000000000000000000000000000000000000000000000000000000000000000000000000000000000 8570411284068807239644483285371432396659352519137291596756746072323704714451704161618834170108871925617804592353816710726806491747713418075722302765020059901221132411486364983854865767188952731488801840196276428442844826917861484687521546852887013334943175782478795727634655249915405908541723364376053781619413/100000000000000000000000000000000000000000000000000000000000000000000000000000000000000000000000000000000000000000000000000000000000000000000000000000000000000000000000000000000000000000000000000000000000000000000000000000000000000000000000000000000000000000000000000000000000000000000000000000000000000000000000

0 0
1 3
9718802093065485988512142836688813880740419289216724651775448251199534680059502150320924083952495435633700489360896680862421079697208038256601216023422880239973222794799378894801118843839706572123552318914258613417483934662200022500305037625935944239253984084032217581877666995562590058682319904550039990089669/10000000000000000000000000000000000000000000000000000000000000000000000000000000000000000000000000000000000000000000000000000000000000000000000000000000000000000000000000000000000000000000000000000000000000000000000000000000000000000000000000000000000000000000000000000000000000000000000000000000000000000000000 -3882590767762284105930229582472155897305193352107775499951656346252324472939168346318739483392989435656633050812846960474138876122287640344083132678236176037767030944487288320749914052793113795960976800890514402736995557070781694658595201237011124175025908018096858198683270126818889068545646411864793093724579/10000000000000000000000000000000000000000000000000000000000000000000000000000000000000000000000000000000000000000000000000000000000000000000000000000000000000000000000000000000000000000000000000000000000000000000000000000000000000000000000000000000000000000000000000000000000000000000000000000000000000000000000
-5168324267003017951524239619550621308520518517679565294399531129309480261165861426376523148880550323956825720268640968123759556165490605720107341938280923523447859962720845544555585405327980290910828397443622801617680408159941629341656475203421795413093279800612523028811280341700761265833105913308809120610627/1000000000000000000000000000000000000000000000000000000000000000000000000000000000000000000000000000000000000000000000000000000000000000000000000000000000000000000000000000000000000000000000000000000000000000000000000000000000000000000000000000000000000000000000000000000000000000000000000000000000000000000000 6589213925731456091848713164298300897411475189079124348896532825061301494589446076209199363173851574417543303043338911723589993286253233324977586708130881820083650735399703624402005716763323984051247325918537823835710282879459985012969698772653803410712692159551815473644818172986921434664474969441375174021/5000000000000000000000000000000000000000000000000000000000000000000000000000000000000000000000000000000000000000000000000000000000000000000000000000000000000000000000000000000000000000000000000000000000000000000000000000000000000000000000000000000000000000000000000000000000000000000000000000000000000000000
-2047192994170018311178044220748898982264332828258820191804704260166088860812840832771896398745274196514974882151548286553025653226548760021006726438954789451107148468219318491684710945005027817441574862042213049916746767190845902653497418111410403616714021215285385295914430490263653663805685203396719755205427/500000000000000000000000000000000000000000000000000000000000000000000000000000000000000000000000000000000000000000000000000000000000000000000000000000000000000000000000000000000000000000000000000000000000000000000000000000000000000000000000000000000000000000000000000000000000000000000000000000000000000000000 -28598836301561718591620824047162743069296448977781871654417095156501480836747506104096293611938211792833863089139529080268239278862377817607722728569253712740634583511571185464742413674461214724640748813285450807580686103947709344291802854095494716756510108981804366556170351577804993375016612902899430809513/8000000000000000000000000000000000000000000000000000000000000000000000000000000000000000000000000000000000000000000000000000000000000000000000000000000000000000000000000000000000000000000000000000000000000000000000000000000000000000000000000000000000000000000000000000000000000000000000000000000000000000000

3
23236701826564971811193726736512832970075188108130672756107589592031028861006062338471290271519487738812884945844452728825008161661886177276055495061565939678506979336028689654870081002905629070302372434239174145251185135793079080795925861452944836141446910919701617759494208972787091207847772933790341991/50000000000000000000000000000000000000000000000000000000000000000000000000000000000000000000000000000000000000000000000000000000000000000000000000000000000000000000000000000000000000000000000000000000000000000000000000000000000000000000000000000000000000000000000000000000000000000000000000000000000000000 148983449656350933950609361895220558644420468053471116186135879537678727589944130410484378050592537710460646474557824897980578654219389734546491940167976570279911768070249403602396517865126262006482217917991256003362781620830780407401018236132040249920062125209280957898053052595945511165934988454932383684787/400000000000000000000000000000000000000000000000000000000000000000000000000000000000000000000000000000000000000000000000000000000000000000000000000000000000000000000000000000000000000000000000000000000000000000000000000000000000000000000000000000000000000000000000000000000000000000000000000000000000000000000
629416129589116687809872792745629449780567032861251849260424167617537371154368456786204230024562144012533402731689804694437522048230774471346711179609510999597061593197830223211328611150995332766892727186539854097703388582053841103000704934113674455828175998383859183206639688508200996206724523190481214316921/25000000000000000000000000000000000000000000000000000000000000000000000000000000000000000000000000000000000000000000000000000000000000000000000000000000000000000000000000000000000000000000000000000000000000000000000000000000000000000000000000000000000000000000000000000000000000000000000000000000000000000000000 -2890712285872021573053455074017088067737529126928003431389870087767996280537049781586858138238438395348645318124197038033568867518119086609830340757260571437843803421200855735562383041596316888462826625299153699483968039797304120524343382309977917811444087357790878584520279821649978807511535806258690527815207/5000000000000000000000000000000000000000000000000000000000000000000000000000000000000000000000000000000000000000000000000000000000000000000000000000000000000000000000000000000000000000000000000000000000000000000000000000000000000000000000000000000000000000000000000000000000000000000000000000000000000000000000
2770296220647567580101382235688303865562987213557055315099849760262187221539493522712030237103893945346955748935764227207446105992205040282849778736424186260544207290231527168163622941590675026189189019279401942579159099620930740295673707345536841960982429901520743850294652400164211364910560277923970290821573/5000000000000000000000000000000000000000000000000000000000000000000000000000000000000000000000000000000000000000000000000000000000000000000000000000000000000000000000000000000000000000000000000000000000000000000000000000000000000000000000000000000000000000000000000000000000000000000000000000000000000000000000 -1464718048099320625630043529252226826223840110561536264307962164089160340849476691731195347798917586504017730244205781369725143628528715371609147823093853165865154696213218626526308696179006530684158929648567494213236490477732797829994182472645795785504158306232132872973604086339822187199691459929427471907587/25000000000000000000000000000000000000000000000000000000000000000000000000000000000000000000000000000000000000000000000000000000000000000000000000000000000000000000000000000000000000000000000000000000000000000000000000000000000000000000000000000000000000000000000000000000000000000000000000000000000000000000000

